Rank,Industry,Sector,RS,1 M_RS,3M_RS,6M_RS,Ticker
1,Computer Processing Hardware,Electronic Technology,75,58,71,67,IDM.BO
2,Airlines,Transportation,74,55,75,72,"AFCOM.BO,JETFREIGHT.NS,INDIGO.NS"
3,Computer Communications,Electronic Technology,74,20,50,87,"KERNEX.NS,INNOVATIVE.BO"
4,Biotechnology,Health Technology,71,56,57,73,"RUBICON.NS,TITANBIO.BO,AKUMS.NS,ANL.BO,ANTHEM.NS,HALEOSLABS.NS,GVBL.BO,FABTECH.NS"
5,Oil & Gas Production,Energy Minerals,69,83,82,69,"ASIANENE.NS,PRABHA.NS,BHAGWOX.BO,VOGL.NS"
6,Precious Metals,Non-Energy Minerals,68,62,16,7,REMAGNET.BO
7,Catalog/Specialty Distribution,Retail Trade,65,77,74,65,ETHOSLTD.NS
8,Aerospace & Defense,Electronic Technology,65,54,51,70,"MTARTECH.NS,PARAS.NS,AEQUS.NS,IDEAFORGE.NS,HAL.NS,KRISHNADEF.NS,ROSSELLIND.NS,BEL.NS,BDL.NS,DRONACHRYA.BO"
9,Oilfield Services/Equipment,Industrial Services,65,73,66,69,"CRYOGENIC.BO,TRISHAKT.BO,DOLPHIN.NS,DEEPINDS.NS,ALPHAGEO.NS,SEAMECLTD.NS,UNIDT.NS,OILCOUNTUB.NS,COCHMAL.BO,GARWAOFFS.BO,RVTH.NS,GLOBALVECT.NS"
10,Contract Drilling,Industrial Services,64,65,34,82,JINDRILL.NS
11,Department Stores,Retail Trade,63,77,82,62,SHOPERSTOP.NS
12,Computer Peripherals,Electronic Technology,63,62,63,65,"NETWEB.NS,PANACHE.NS,WEPSOLN.BO,INDTONER.BO,CONTROLPR.NS"
13,Auto Parts: Oem,Producer Manufacturing,62,56,61,57,"AMS.BO,SEDEMAC.NS,SANSERA.NS,DIVGIITTS.NS,UNIPARTS.NS,EMMFORCE.BO,GNA.NS,SHRIPISTON.NS,SONACOMS.NS,NRBBEARING.NS,WHEELS.NS,SJS.NS,PRICOLLTD.NS,VARROC.NS,MOTHERSON.NS,SSWL.NS,LUMAXTECH.NS,OMAXAUTO.NS,SUNDRMFAST.NS,ASKAUTOLTD.NS,MUNJALAU.NS,GABRIEL.NS,BOSCHLTD.NS,INDNIPPON.NS,BHARATSE.NS,UCAL.NS,SMAUTO.BO,RACLGEAR.NS,RML.NS,MINDACORP.NS,BELRISE.NS,EXIDEIND.NS,PPAP.NS,AUTOIND.NS,AFLTD.BO,BIMETAL.NS,HIMTEK.BO,RANEHOLDIN.NS,SKFINDUS.NS,LUMAXIND.NS,RICOAUTO.NS,SUPRAJIT.NS,KROSS.NS,ZFCVINDIA.NS,SUNDRMBRAK.NS,CUMMINSIND.NS,JBMA.NS,IGARASHI.NS,UNOMINDA.NS,TENNIND.NS,SNL.BO,KALYANIFRG.NS,JAGANLAM.BO,JMA.NS,TVSHLTD.NS,JAMNAAUTO.NS,ASAL.NS,ARISINT.BO,CARRARO.NS,SHANTIGEAR.NS,FIEMIND.NS,SHARDAMOTR.NS,ALICON.NS,MUNJALSHOW.NS,AUTOAXLES.NS,PORWAL.BO,JAYUSH.BO,HINDCOMPOS.NS,ESCORTS.NS,SWARAJENG.NS,SAMKRG.BO,SUNCLAY.NS,CIEINDIA.NS,KINETICENG.BO,SALAUTO.BO,MSUMI.NS,MACPLASQ.BO,NDRAUTO.NS,ZFSTEERING.NS,HITECHGEAR.NS,SINTERCOM.NS,RASANDIK.BO,PRECAM.NS,REMSONSIND.NS,KRANTI.BO"
14,Electronic Production Equipment,Electronic Technology,62,57,68,69,"AVALON.NS,CYIENTDLM.NS,SYRMA.NS,DATAPATTNS.NS,APOLLO.NS,NELCO.NS,DIXON.NS,PGEL.NS,KAYNES.NS,SELECTRIC.BO,CONTAINE.BO,ELIN.NS"
15,Food: Meat/Fish/Dairy,Consumer Non-Durables,61,73,58,53,"SCPL.NS,KWIL.NS,CHATHA.BO,SCAGRO.BO,ESSEX.BO,APEX.NS,MUKKA.NS,HATSUN.NS,HERITGFOOD.NS,PARAGMILK.NS,DODLA.NS,MODAIRY.BO,JFL.BO"
16,Restaurants,Consumer Services,60,70,74,56,"UFBL.NS,RBA.NS,SPECIALITY.NS,WESTLIFE.NS,TRAVELFOOD.NS,DEVYANI.NS,SAPPHIRE.NS,JUBLFOOD.NS,COFFEEDAY.NS,KAMATS.BO"
17,Electronics Distributors,Distribution Services,59,52,55,59,"RPTECH.NS,CNL.NS,STARCOM.BO,REDINGTON.NS,ACCEDERE.BO,PANIDPR.BO,PALREDTEC.NS,OPTIEMUS.NS,LABELKRAFT.BO,COLAB.BO,SOUTHERNIN.BO,BRISK.BO,PRIYALT.BO,SHRAAITECH.BO,MISQUITA.BO"
18,Electronics/Appliances,Consumer Durables,59,54,59,61,"CPPLUS.NS,SHARP.BO,APIL.BO,UNIVPHOTO.NS,JAIPAN.BO,STOVEKRAFT.NS,KHAITANLTD.NS,SINGERIND.NS,IFBIND.NS,LGEINDIA.NS,ORIENTELEC.NS,BUTTERFLY.NS,BAJAJELEC.NS,INFLAME.BO,WHIRLPOOL.NS,GORANIN.BO"
19,Telecommunications Equipment,Electronic Technology,59,50,53,61,"HFCL.NS,SMARTLINK.NS,ASTRAMICRO.NS,ADCINDIA.BO,DCI.NS,ROSSTECH.NS,VALIANT.BO,ONIDA.NS,TEJASNET.NS,AVANTEL.NS,PRECISIO.BO,DLINKINDIA.NS,PUNJCOMMU.BO,KAVDEFENCE.NS,BPL.NS,SALORAINTL.BO"
20,Pharmaceuticals: Major,Health Technology,59,51,56,60,"VINRKLB.BO,PARMAX.BO,INDSWFTLAB.NS,BLISSGVS.NS,VENUSREM.NS,MOREPENLAB.NS,SHILPAMED.NS,SAKAR.NS,BAFNAPH.NS,VIKRAMTH.BO,SUVEN.NS,SENORES.NS,NOVARTIND.NS,LAURUSLABS.NS,BETA.NS,COLINZ.BO,AMANTA.NS,ASTONEALAB.BO,MARKSANS.NS,NEULANDLAB.NS,ACUTAAS.NS,NGLFINE.NS,PHRMASI.BO,NOVELIX.BO,GLAND.NS,HEXAGON.NS,ALIVUS.NS,AMBALALSA.NS,INNOVACAP.NS,CORONA.NS,ORCHPHARMA.NS,GUFICBIO.NS,DIVISLAB.NS,SHAMROIN.BO,CAPLIPOINT.NS,UNICHEMLAB.NS,SUDARSHAN.BO,IPCALAB.NS,AJANTPHARM.NS,VALIANTLAB.NS,HESTERBIO.NS,WOCKPHARMA.NS,SAIPARENT.NS,KOPRAN.NS,VIYASH.NS,EMCURE.NS,SIGACHI.NS,RPGLIFE.NS,TORNTPHARM.NS,SPARC.NS,PPLPHARMA.NS,GLAXO.NS,WINDLAS.NS,BLUEJET.NS,ALBERTDAVD.NS,ZYDUSLIFE.NS,SMSPHARMA.NS,TTKHLTCARE.NS,BRAWN.BO,AARTIPHARM.NS,OXYGENTAPH.BO,SANJIVIN.BO,SOLARA.NS,GLENMARK.NS,SUPRIYA.NS,INDGN.NS,SUNPHARMA.NS,SHUKRAPHAR.NS,VRL.BO,TLL.BO,PANACEABIO.NS,AAREYDRUGS.NS,GUJTHEM.NS,BIOCON.NS,MANKIND.NS,GODAVARI.BO,INDOCO.NS,PGHL.NS,HAMPS.BO,THEMISMED.NS,SMRUTHIORG.BO,CONCORD.BO,AARTIDRUGS.NS,WANBURY.NS,STAR.NS,BALPHARMA.NS,ANURAS.NS,APLLTD.NS,PFIZER.NS,ALKEM.NS,ALEMBICLTD.NS,COHANCE.NS,LINCOLN.NS,HIKAL.NS,GUJTERC.BO,ZENOTECH.BO,ANUHPHR.NS,ONESOURCE.NS,ROOPAIND.BO,MERCURYLAB.BO,LACTOSE.BO,ABBOTINDIA.NS,DRREDDY.NS,ERIS.NS,SANOFICONR.NS,MEDICO.NS,AUROLAB.BO,ANG.BO,NATCOPHARM.NS,BAJAJHCARE.NS,KILITCH.NS,JUBLPHARMA.NS,PHARMAID.BO,SANOFI.NS,PANCHSHEEL.BO,SHELTER.BO,FDC.NS,ASTRAZEN.NS,ZOTA.NS,STARSOURCE.BO,ALPA.NS,KREBSBIO.NS,TYCHE.BO,BIOFILCHEM.NS,DCAL.NS,MEDICAMEQ.NS,BROOKS.NS,KIMIABL.BO,DESHRAK.BO,MANGALAM.NS,SYSCHEM.BO"
21,Industrial Specialties,Process Industries,59,54,56,62,"KELENRG.BO,CDG.BO,BEEZAASAN.BO,GANDHAR.NS,FCL.NS,PANAMAPET.NS,RAIN.NS,SHALPAINTS.NS,VIPULORG.BO,BEPL.NS,HARDCAS.BO,TINNARUBR.NS,VISAKAIND.NS,SOLARINDS.NS,CFL.BO,HSCL.NS,CARBORUNIV.NS,BODALCHEM.NS,KOTYARK.NS,ELANTAS.NS,GRINDWELL.NS,GOCLCORP.NS,DUROPACK.BO,DICIND.NS,PIDILITIND.NS,GRAPHITE.NS,XPROINDIA.NS,AVIVA.BO,INDIGOPNTS.NS,SFL.NS,AXELPOLY.BO,BORORENEW.NS,SPLPETRO.NS,ASSOCIATED.BO,ASIANPAINT.NS,BERGEPAINT.NS,JSWDULUX.NS,PCBL.NS,SIRCA.NS,PODDARMENT.NS,NIKHILAD.BO,BEARDSELL.NS,MHLXMIRU.NS,VINYOFL.BO,SEJALLTD.NS,ESTER.NS,KANSAINER.NS,SRF.NS,DHINDIA.BO,RUBFILA.NS,DYNAMIND.BO,WAAREE.BO,MULTIBASE.BO,GOACARBON.NS,INNOVATORS.BO,RETINA.BO"
22,Pharmaceuticals: Other,Health Technology,58,52,61,60,"TRANSCHEM.BO,VEERHEALTH.BO,SUDEEPPHRM.NS,BDH.BO,GRANULES.NS,CORALAB.BO,AUROPHARMA.NS,CHEMKART.BO,BERLDRG.BO,CRSTCHM.BO,LYKALABS.NS,LUPIN.NS,ISHITADR.BO,CIPLA.NS,SANDUPHQ.BO,NATCAPSUQ.NS,EMMESSA.BO,SOURCENTRL.BO,AMRUTANJAN.NS,KERALAYUR.BO"
23,Electronic Equipment/Instruments,Electronic Technology,58,44,47,58,"DIGILOGIC.BO,APARINDS.NS,NAGPI.BO,SPECTRUM.NS,POWERINDIA.NS,CNCRD.BO,DENORA.NS,WEL.NS,GENUSPOWER.NS,APLAB.BO,HONAUT.NS,NITIRAJ.NS,APLABPP.BO,JGTL.BO,TVSELECT.NS,HINDHARD.BO,HPL.NS,WAAREEINDO.NS"
24,Regional Banks,Finance,58,45,60,51,"KTKBANK.NS,ESAFSFB.NS,TMB.NS,MUNOTHFI.BO,UJJIVANSFB.NS,JSFB.NS,J&KBANK.NS,KARURVYSYA.NS,DCBBANK.NS,AUBANK.NS,EQUITASBNK.NS,IDFCFIRSTB.NS,CUB.NS,SURYODAY.NS,SBIN.NS,ICICIBANK.NS,CAPITALSFB.NS,UCOBANK.NS,JAGSONSER.BO,FINOPB.NS,DAMCAPITAL.NS,MONEYBOXX.NS,EMERALD.BO,CMBL.BO"
25,Other Consumer Specialties,Consumer Durables,58,52,58,51,"SJCORP.BO,SKYGOLD.NS,AJCJEWEL.BO,THANGAMAYL.NS,TBZ.NS,TIMEX.NS,KDDL.NS,GOLKUNDIA.BO,SHOORA.BO,PNGSREVA.NS,SONAMLTD.NS,KOURA.BO,TITAN.NS,GOLDIAM.NS,RGL.NS,SHANTIGOLD.NS,RETAGGIO.BO,PJL.BO,SOVERDIA.BO,SHRINGARMS.NS,RBZJEWEL.NS,YAASHVI.BO,SILGO.NS,SENCO.NS,RAMBHAJO.NS,RADHIKAJWE.NS,GKL.BO,BANARBEADS.NS,VAIBHAVGBL.NS,SMR.BO,VIPIND.NS,EY.BO,SAFARI.NS,VARYAA.BO,LUXURY.BO,SKRABUL.BO,LGHL.NS,RAJESHEXPO.NS"
26,Electronics/Appliance Stores,Retail Trade,57,62,56,58,"EMIL.NS,ROBU.BO,BHATIA.BO,AVL.NS,UML.BO,LOGICA.BO,MTL.BO"
27,Electronic Components,Electronic Technology,57,40,52,52,"UNIVCABLES.NS,BCCFUBA.BO,ELPROINTL.NS,HEG.NS,CENTUM.NS,MRTX.BO,INCAP.BO,GUJARATPOLY.BO,FINELINE.BO,NWIL.BO,MEIL.NS,PANELEC.BO"
28,Containers/Packaging,Process Industries,57,58,58,55,"COMSYN.NS,QUANTDIA.BO,KALYANI.BO,JAUSPOL.BO,TARSONS.NS,GLEN.BO,BAIKAKAJI.BO,ARROWGREEN.NS,CAPRIHANS.BO,HUHTAMAKI.NS,JUMBO.BO,RPPL.NS,UFLEX.NS,TIRTPLS.BO,EPL.NS,BBTCL.NS,ORIENTLTD.NS,HPBL.BO,NRAIL.NS,COSMOFIRST.NS,WORTHPERI.NS,AGI.NS,KNACK.NS,JINDALPOLY.NS,TAINWALCHM.NS,RDBRL.BO,KAIRA.BO,GUJCONT.BO,PGFOILQ.BO,VINAYAKPOL.BO,BAPACK.BO,SHETR.BO,AERONEU.NS,EASTINDIA.BO,BOROSCI.NS,TIMETECHNO.NS,ARROWHEAD.BO,HINDTIN.BO,SHREERAMA.NS,PERFEPA.BO,ECOPLAST.BO,RAJPACK.BO,RISHITECH.BO,EMMBI.NS,CLARA.BO,SPL.BO,JAICORPLTD.NS,GUJCRAFT.BO,TRANSFRE.BO,DECPO.BO,BALAJEE.NS"
29,Metal Fabrication,Producer Manufacturing,57,53,55,56,"MODMA.BO,OMNI.NS,MENONBE.NS,HAPPYFORGE.NS,MMFL.NS,SWASTIKAAL.BO,SATANIBRG.BO,AZAD.NS,AANCHALISP.BO,KENNAMET.NS,SHIVAUM.NS,CARNATIN.BO,CTCL.BO,GALXBRG.BO,GALAGEX.BO,ROLEXRINGS.NS,UNIABEXAL.BO,SIMPLEXCAS.BO,PPEL.BO,GALAPREC.NS,RKFORGE.NS,TIIL.NS,BHARATFORG.NS,SIMMOND.BO,MAGNAELQ.BO,COSMOFE.BO,PTCIL.NS,AMIC.BO,MILLWORKS.BO,JYOTICNC.NS,RAJRATAN.NS,SKIPPER.NS,SYSTEMATIC.BO,ENDURANCE.NS,USHAMART.NS,HARSHA.NS,KVFORGE.BO,SHYAMMETL.NS,NIBL.NS,NATFIT.BO,SCHAEFFLER.NS,NARMADESH.BO,ALPHAIND.BO,BELDING.BO,BHARATWIRE.NS,TEMBO.NS,CENTEXT.NS,SHREMETAL.BO,GTIL.BO,SHIVAGR.BO,ADVANCETL.BO,CMRGREEN.NS,DELTAMAGNT.NS,STERTOOLS.NS,BOMBWIR.BO,KASTURI.BO,RELICAB.BO,DPWIRES.NS,AEL.BO,SKFINDIA.NS,ROLCOEN.BO,VISHALBL.BO,ASGARD.BO,KARBON.BO,HILTON.NS,STAL.BO,AUTOPINS.BO,KPGEL.BO"
30,Motor Vehicles,Consumer Durables,57,64,60,50,"ZELIO.BO,ATHERENERG.NS,SMLMAH.NS,TMCV.NS,TVSMOTOR.NS,SANDHAR.NS,EICHERMOT.NS,HEROMOTOCO.NS,OLECTRA.NS,HYUNDAI.NS,M&M.NS,OLAELEC.NS,ATULAUTO.NS,ATLASCYCLE.NS,MARUTI.NS,FORCEMOT.NS,TMPV.NS,SEVL.BO"
31,Internet Retail,Retail Trade,56,63,62,56,"MSTCLTD.NS,NYKAA.NS,MANYAVAR.NS,HEALTHX.NS,ISFT.NS,INDIAMART.NS"
32,Miscellaneous,Miscellaneous,56,48,56,58,"INOVSYNTH.BO,SCILAL.NS"
33,Electrical Products,Producer Manufacturing,56,51,48,60,"INDOSMC.BO,BHAGYANGR.NS,HIIL.BO,KSHINTL.NS,DIACABS.NS,MODINSU.BO,INDOTECH.NS,COSPOWER.BO,RRKABEL.NS,TDPOWERSYS.NS,BIRLACABLE.NS,ATLANTAELE.NS,SUSAN.BO,YASHHV.BO,KIRLOSENG.NS,SWITCHTE.BO,PRECWIRE.NS,HIRECT.NS,RISHABH.NS,QPOWER.NS,FINCABLES.NS,BHEL.NS,DYCL.NS,CLN.BO,RNITAI.BO,RAMRAT.NS,PARACABLES.NS,LASERPOWER.NS,ABB.NS,QUADFUTURE.NS,VOLTAMP.NS,ADVAIT.NS,DHOOTTRANS.NS,CORDSCABLE.NS,EXICOM.NS,SCHNEIDER.NS,KEI.NS,SIEMENS.NS,INTEGSW.BO,KECL.NS,PLAZACABLE.NS,POWERICA.NS,IKIO.NS,VETO.NS,CGPOWER.NS,CYBELEIND.BO,GVT&D.NS,HIGHENE.BO,POLYCAB.NS,ACCORDTS.BO,ENRIN.NS,JDCABLES.BO,ESABINDIA.NS,DLTNCBL.BO,EVEREADY.NS,LGBBROSLTD.NS,LAKSELEC.BO,ARE&M.NS,VGUARD.NS,SHILCTECH.NS,SWELECTES.NS,HAVELLS.NS,PANCARBON.BO,JIGAR.BO,ELECON.NS,PROSTARM.NS,FOCUS.NS,TARIL.NS,STDBAT.BO,HBLENGINE.NS,SUZLON.NS,NDMETAL.BO,KAYCEEI.BO,BBL.NS,HONDAPOWER.NS,SERVOTECH.NS,S&SPOWER.NS,STARDELTA.BO,DCXINDIA.NS,BONLON.NS,NIPPOBATRY.NS,MARSONS.NS,CLENON.BO,EPIC.BO,SALZERELEC.NS,WSI.NS,PANAENERG.BO,JSLINDL.BO,JYOTI.BO,DEL.BO,CALCOM.BO,ALFATRAN.BO,RMC.NS,INOXWIND.NS,URAVIDEF.NS"
34,Hospital/Nursing Management,Health Services,56,44,50,56,"KOVAI.NS,HANNAH.BO,PARKHOSPS.NS,GKSL.NS,ASARFI.BO,ARTEMISMED.NS,JLHL.NS,MEDANTA.NS,YATHARTH.NS,ASTERDM.NS,APOLLOHOSP.NS,HCG.NS,MANIPALHOS.NS,KIMS.NS,GPTHEALTH.NS,SHANMUGA.BO,RAINBOW.NS,KKSHL.BO,FORTIS.NS,NH.NS,AASHKA.BO,CMMHOSP.BO,MAXHEALTH.NS,SHARMEH.BO,NGIND.BO,INDRAMEDCO.NS,SHALBY.NS,FORTISMLR.BO"
35,Real Estate Investment Trusts,Finance,55,47,45,45,"FUNDVISER.BO,MINDSPACE.BO,NXST.BO,BIRET.BO,BAGMANE.BO,EMBASSY.BO,KRT.BO,PSCELESTIA.BO,ANNAINFRA.BO"
36,Specialty Stores,Retail Trade,54,50,59,53,"DUKEOFS.BO,BLUESTONE.NS,CONFIPET.NS,RECODE.BO,HONASA.NS,KALYANKJIL.NS,ALANSCOTT.BO,DPABHUSHAN.NS,VMART.NS,LANDMARK.NS,PNGJL.NS,PVSL.NS,DMART.NS,WAKEFIT.NS,MVGJL.NS,RAL.BO,MANOJJEWEL.BO,GARGI.BO,AAYUSH.BO"
37,Chemicals: Specialty,Process Industries,54,54,57,58,"SANGINITA.NS,SHENTRA.BO,CITURGIA.BO,CHEMIESYNT.BO,INDOBORAX.NS,KANORICHEM.NS,RSCINT.BO,SOTL.NS,IOLCP.NS,GRWRHITECH.NS,TANFACIND.BO,RITESHIN.BO,KRONOX.NS,RESONANCE.BO,NEOGEN.NS,JGCHEM.NS,APCOTEXIND.NS,ASAHISONG.NS,BALAMINES.NS,OCCLLTD.NS,SHAILY.NS,SIGIND.NS,ARCHITORG.BO,GANESHBE.NS,AKSHARCHEM.NS,SHHARICH.BO,TATVA.NS,DEVSON.BO,POLYPLEX.NS,NAVINFLUOR.NS,FLUOROCHEM.NS,KINGFA.NS,BHAGERIA.NS,ANDHRSUGAR.NS,MANALIPETC.NS,CENTENKA.NS,VISHNU.NS,TPLPLASTEH.NS,TNPETRO.NS,GUJALKALI.NS,IGPL.NS,ALKYLAMINE.NS,GNFC.NS,INDIAGLYCO.NS,SUDARSCHEM.NS,PREMEXPLN.NS,VIKRAMAR.BO,IVP.NS,NPL.BO,TRANSPEK.NS,POLYLINK.BO,SHREEPUSHK.NS,VINEETLAB.NS,HOCL.BO,TULASEEBIOE.BO,OAL.NS,RISHIROOP.BO,PAR.NS,ELLEN.NS,KIRIINDUS.NS,VALIANTORG.NS,20MICRONS.NS,LXCHEM.NS,POLSON.BO,ULTRAMAR.NS,JOCIL.NS,BASF.NS,DEEPAKNTR.NS,MOL.NS,ARVEE.NS,NOCIL.NS,SHK.NS,LINDEINDIA.NS,AMNPLST.NS,SAMRATPH.BO,FAIRCHEMOR.NS,KOTHARIPET.NS,CLEAN.NS,GOTHIPL.BO,HPIL.NS,TRUALT.NS,COROMANDEL.NS,NATPLASTI.BO,NAPEROL.BO,DHUNINV.NS,STYRENIX.NS,MANORG.NS,VITAL.NS,PRIMO.NS,ANDHRAPET.BO,LINKPH.BO,CHEMCON.NS,CHAMBLFERT.NS,VINATIORGA.NS,LORDSCHLO.NS,GUJPETR.BO,ROSSARI.NS,ALKALI.NS,EIKO.BO,SRHHYPOLTD.NS,AGARIND.NS,FISCHER.NS,TCMLMTD.BO,DAIKAFFI.BO,LAFFANSQ.BO,YASHCHEM.BO,PIIND.NS,DCW.NS,DHANUKA.NS,AEONXDIGI.BO,CHEMFAB.NS,PNTKYOR.BO,CAMLINFINE.NS,MEHUL.BO,HILLTONE.BO,GRAUWEIL.NS,SHLOKKA.BO,TIRUMALCHM.NS,NOL.BO,ZR2.BO,BCCL.BO"
38,Commercial Printing/Forms,Commercial Services,54,48,58,54,"INLANPR.BO,TCPLPACK.NS,DJML.NS,KIRANPR.BO,DGCONTENT.NS,REPRO.NS"
39,Forest Products,Non-Energy Minerals,54,53,52,49,"MEGAMONT.BO,PREMIERPOL.NS,STYLAMIND.NS,ECOBOAR.BO,WIPL.NS,GREENLAM.NS,BIRLANU.NS,AIROLAM.NS,RESPONIND.NS,GREENPANEL.NS,DUROPLY.BO"
40,Marine Shipping,Transportation,53,59,46,57,"PPARIVAH.BO,DREDGECORP.NS,SMARITIME.BO,GESHIP.NS,GLOTTIS.NS,CHOWGULSTM.BO,GPPL.NS,TRANSWORLD.NS,ATL.NS,COASTCORP.NS"
41,Medical Distributors,Distribution Services,53,54,51,57,"APPL.BO,ARVAYA.BO,QMSMEDI.NS,RAMAVISION.BO,CBPL.BO,ENTERO.NS,APL.BO,SPML.BO,EVERESTO.BO,GLPL.BO,BALAXI.NS,CENTUPLE.BO,ROYAL.BO"
42,Medical/Nursing Services,Health Services,52,45,46,50,"VIJAYA.NS,NEPHROPLUS.NS,LALPATHLAB.NS,GAUDIUMIVF.NS,THYROCARE.NS,ZDHJERK.BO,JSTL.BO,ASPIRA.BO,LOTUSEYE.NS,SURAKSHA.NS,METROPOLIS.NS,AGARWALEYE.NS,STARIMAGIN.BO,SML.BO,MAXIND.NS,KRSNAA.NS,CTLLAB.BO,LAXMIDENTL.NS,JSLL.NS,MDRC.BO"
43,Oil Refining/Marketing,Energy Minerals,52,58,52,44,"GULFPETRO.NS,CHENNPETRO.NS,PROGREXV.BO,MRPL.NS,GULFOILLUB.NS,OIL.NS,VEEDOL.NS,CASTROLIND.NS,BPCL.NS,RELIANCE.NS,ONGC.NS,HINDPETRO.NS,CONTPTR.BO"
44,Other Metals/Minerals,Non-Energy Minerals,52,56,42,48,"JTLDEFENCE.BO,RAPICUT.BO,NRL.NS,PARMESHWAR.BO,SBCL.NS,MMP.NS,HINDCOPPER.NS,VIDYAWIRES.NS,MANAKALUCO.NS,HINDALCO.NS,IMFA.NS,MIDHANI.NS,HINDZINC.NS,COCHINM.BO,GRAVITA.NS,NMDC.NS,MCL.NS,SERA.BO,SHARVAYA.BO,POCL.NS,MAITHANALL.NS,SANDUMA.NS,SCBL.BO,ASHAPURMIN.NS,ZODJRDMKJ.BO,INDSILHYD.BO,CHROME.BO,ARDEE.NS,CUBEXTUB.NS,KACHCHH.BO,SAGARDEEP.NS,SOUTHMG.BO,MOIL.NS,JAINREC.NS,MONIND.BO,KRUPALU.BO,SIYARAM.BO"
45,Agricultural Commodities/Milling,Process Industries,52,57,51,55,"APOLLOIN.BO,KANELIND.BO,DATIWARE.BO,INTEGFD.BO,SBECSUG.BO,AVADHSUGAR.NS,SVRL.BO,TIMESGREEN.BO,RDGAIL.BO,ELFIN.BO,DALMIASUG.NS,PONNIERODE.NS,BALRAMCHIN.NS,DBOL.NS,DHAMPURE.BO,SKMEGGPROD.NS,UGARSUGAR.NS,DHAMPURSUG.NS,UTTAMSUGAR.NS,CIANAGRO.BO,KCPSUGIND.NS,KOHINOOR.NS,DWARKESH.NS,OSWALOR.BO,ZKHANDEN.BO,GOKULAGRO.NS,MAGADSUGAR.NS,MCFL.BO,KOTARISUG.NS,KMSUGAR.NS,GOODRICKE.BO,SRDAPRT.BO,MEGASTAR.NS,AMBARPIL.BO,PICCADIL.NS,SURJIND.BO,AEROPLANE.NS,JAYSREETEA.NS,TGIF.BO,RAJSREESUG.NS,NATRAJPR.BO,SUPERBAK.BO,WATERBASE.NS,BANARISUG.NS,GODREJIND.NS,REGAAL.NS,INDSUCR.BO,KNAGRI.NS,GOLDCOINHF.BO,GOKUL.NS,VENKEYS.NS,SUNILAGR.BO,NKIND.NS,WARRENTEA.BO,KRISHIVAL.NS,JAYAGROGN.NS,ZUARIIND.NS,DIANATEA.BO,KRBL.NS,LTFOODS.NS,CLSEL.NS,HARRMALAYA.NS,RENUKA.NS,PKTEA.NS,KRITINUT.NS,DCMSRIND.NS,NATHBIOGEN.NS,LAKESHORE.BO,ROML.NS,GODREJAGRO.NS,NAGTECH.BO,OCTAVIUSPL.BO,TYROON.BO,TIERRA.BO,SIMRAN.BO,DTIL.NS,POONADAL.BO,GODAVARIB.NS,PICCASUG.BO,SUNDROP.NS,AWL.NS,VPL.BO,MODINATUR.NS,AGRITECH.NS,JKAGRI.BO,AVANTIFEED.NS,ACLD.BO,KSCL.NS,TRIVENI.NS,UNISEM.BO,HINDUST.BO,NEELKANTH.BO,KLRFM.BO,SULA.NS,DHANLAXMI.NS,MANIVENI.BO,GANESHCP.NS,INDOUS.NS,YASHHTEJ.BO,PATANJALI.NS,KINGSINFR.BO,PCL.BO,SPTRSHI.BO,GRMOVER.NS,LELAVOIR.BO,KSE.NS"
46,Food: Specialty/Candy,Consumer Non-Durables,52,51,51,49,"YASHO.NS,SHAHFOOD.BO,JAYKAILASH.BO,MAWANASUG.NS,OVOBELE.BO,VADILALIND.NS,NITTAGELA.NS,MANORAMA.NS,CRAZY.BO,GAEL.NS,UNIVSTAR.BO,NGIL.NS,AVTNPL.NS,TASTYBITE.NS,HNDFDS.NS,CJGEL.BO,SHAWGELTIN.BO,BECTORFOOD.NS,GULPOLY.NS,DIAMONDYD.NS,MNFL.BO,PAJSON.BO,ADFFOODS.NS,EIFFL.NS,NORBTEAEXP.NS,CCL.NS,TRANSFD.BO,VANDU.BO,FLEXFO.BO,VIDHIING.NS,BAMBINO.BO,BRITANNIA.NS,AJANTSOY.BO,RAVALSUGAR.BO,KFBL.BO,MCLEODRUSS.NS,UNITEDTEA.NS,OCEANIC.BO,TATACONSUM.NS,SUKHJITS.NS,DYNPRO.NS,GOPAL.NS,BIKAJI.NS,ADVENZYMES.NS,GANGESSECU.NS,NAPL.BO,TIRUSTA.BO,ORKLAINDIA.NS,PALASHSECU.NS,GPAPL.BO,FOODSIN.NS,ANNAPURNA.NS,SHRIGANG.BO,SONALIS.BO,VANDAN.BO,ABRFL.BO"
47,Publishing: Books/Magazines,Consumer Services,51,42,52,56,"MPSLTD.NS,DACHEPALLI.BO,SCHAND.NS"
48,Major Banks,Finance,51,50,50,40,"FEDERALBNK.NS,RBLBANK.NS,SOUTHBANK.NS,MAHABANK.NS,DHANBANK.NS,INDUSINDBK.NS,UNIONBANK.NS,INDIANB.NS,YESBANK.NS,PNB.NS,BANKINDIA.NS,KOTAKBANK.NS,AXISBANK.NS,BANDHANBNK.NS,CANBK.NS,IDBI.NS,IOB.NS,CENTRALBK.NS,BANKBARODA.NS,PSB.NS,CSBBANK.NS,HDFCBANK.NS"
49,Internet Software/Services,Technology Services,51,58,59,51,"BLSE.NS,CARTRADE.NS,EQUIPPP.NS,TBOTEK.NS,NAUKRI.NS,INFONATIVE.BO,ETERNAL.NS,MATRIMONY.NS,MOTILALOFS.NS,ABSLAMC.NS,JUSTDIAL.NS,POLICYBZR.NS,CRISIL.NS,IXIGO.NS,ODIGMA.NS,JARO.NS,TRACXN.NS,SAFE.BO,CRIZAC.NS"
50,Homebuilding,Consumer Durables,51,58,46,45,"EMROCK.BO,BRRL.BO,ATALREAL.NS,AIRLTD.BO,ANANTRAJ.NS,ALPINEHOU.BO,EASTBUILD.BO,GANESHHOU.NS,RVHL.NS,MAPROIN.BO,PRERINFRA.BO,ARKADE.NS,ARTNIRMAN.NS,NCC.NS,SHRISTI.BO,BGDL.BO,COROENGG.BO,NACDAC.BO,PARSHWANA.BO"
51,Alternative Power Generation,Utilities,51,32,43,47,"SUGSLLOYD.BO,UEL.NS,CLEANMAX.NS,RELTD.NS,ADANIGREEN.NS,JNPR.NS,INOXGREEN.NS,POWERGRID.NS,NTPCGREEN.NS,WAAREERTL.NS,KPIGREEN.NS,KPEL.NS"
52,Textiles,Process Industries,50,46,48,51,"PARMSILK.BO,SHANTAI.BO,SPICEISLIN.BO,SURBHIN.BO,TRUEGREEN.BO,TEJASSVI.BO,RAJPALAYAM.NS,SHVSUIT.BO,FILATEX.NS,RUBYMILLS.NS,SPORTKING.NS,JASCH.BO,VALSONQ.BO,JATTAINDUS.BO,SWARAJ.NS,SUPER.BO,ICIL.NS,NITINSPIN.NS,CLCIND.NS,JAYATMA.BO,GHCLTEXTIL.NS,APMIN.BO,VICTMILL.BO,DCMSIL.NS,ARVIND.NS,SHRIDINE.BO,INDORAMA.NS,NAHARSPING.NS,SAMBANDAM.BO,BTTL.NS,MODTHREAD.NS,AYMSYNTEX.NS,OSCARGLO.BO,EASTSILK.NS,OMNITEX.BO,SANGAMIND.NS,MAYURUNIQ.NS,RSWM.NS,RAYMOND.NS,PRECOT.NS,ICL.BO,ORBTEXP.NS,SALGUTI.BO,NIBE.NS,SANTOSHF.BO,PASUPTAC.NS,VTL.NS,SANTETX.BO,UNIROYAL.BO,VIPPYSP.BO,PASUSPG.BO,GANECOS.NS,NAPSGLOBAL.BO,KONARKSY.BO,AMBIKCO.NS,JINDWORLD.NS,BETXIND.BO,MANOMAY.NS,ARMAN.BO,BHILSPIN.BO,DCMNVL.NS,MODWOOL.BO,NAHARINDUS.NS,DEEPAKSP.BO,DIGJAMLMTD.NS,BINNYMILLS.BO,UNITEDPOLY.NS,ASHNOOR.BO,SHAHLON.BO,SUTLEJTEX.NS,SIMPLXMIL.BO,LUDLOWJUT.BO,SANATHAN.NS,CHEVIOT.NS,SARLAPOLY.NS,LAMBODHARA.NS,NUTECGLOB.BO,MARIS.BO,MARALOVER.NS,CAMEXLTD.BO,RIBATEX.BO,LAKSHMIMIL.BO,BORANA.NS,PRABHHANS.BO,GINNIFILA.NS,SKYIND.BO,SALONA.NS,PASHUPATI.NS,KAMADGIRI.BO,SLSTLQ.BO,LAGNAM.NS,ANJANI.BO,GTNINDS.BO,JAIHIND.BO,BANSWRAS.NS,AMARJOTHI.NS,AREXMIS.BO,RAJRILTD.NS,VTMLTD.NS,SWADEIN.BO,SIHORA.BO,SIYSIL.NS,SUBSM.BO,DHANFAB.BO,WINSOMTX.BO,SHIVATEX.NS,SURYALAXMI.NS,KUSUMGAR.NS,ABREL.NS,BARODARY.BO,EVERFIN.BO,KATRSPG.BO,KANDAGIRI.BO,ZENIFIB.BO,FAZE3Q.NS,HINDAPL.BO,SURYAAMBA.BO,BASML.NS,GINISILK.BO,ADINATH.BO,HARIKANTA.BO,SHIVAMILLS.NS,GLOSTERLTD.NS,HINDMILL.BO,TRIDENT.NS,SELMC.NS,DONEAR.NS,HPCOTTON.BO,LAKHOTIA.BO,NAHARPOLY.NS,HISARSP.BO,MOHITIND.NS,OLYMPTX.BO,BLUECHIPT.BO,DAMODARIND.NS,MAFATIND.NS,BSL.NS,LOYALTEX.NS,SPARKLEGR.BO,RAGHUSYN.BO,PWASML.BO,SBFL.BO,SWADPOL.BO,GHCL.NS,JAYTEX.BO,SKYBIOTECH.BO,WIREFABR.BO,LKMEHTA.BO,NAGREEKEXP.NS,GARNETINT.BO,ZBINTXPP.BO,RELCHEMQ.NS,BOMDYEING.NS,WEIZMANIND.NS,SOMATEX.NS,GOKAKTEX.BO,YORKEXP.BO,SRINACHA.BO,SHINEFASH.BO,AICHAMP.BO,KGPETRO.BO,VGL.NS,SHUBHAM.BO,ANIRITPP.BO,RACE.NS,OSIAJEE.BO,HIMATSEIDE.NS,SRTL.NS,ANIRIT.BO,KITEX.NS,CANDOUR.BO,PIOTEX.BO,SHANTIDENM.BO,BHUDEVI.BO,ALPINETEX.NS,RAJKSYN.BO,AASTHA.NS,YAJUR.BO,MALA.BO,ARL.BO,LEMERITE.NS,TTFL.BO"
53,Cable/Satellite Tv,Consumer Services,50,40,39,56,"NDLVENTURE.NS,DEN.NS"
54,Investment Managers,Finance,50,46,53,49,"NEWMKTAVE.BO,PHOTON.BO,ONELIFECAP.NS,VEDANTASSET.BO,ANANDRATHI.NS,PRUDENT.NS,NUVAMA.NS,ICICIAMC.NS,SPACAPS.BO,360ONE.NS,STANROS.BO,EMKAY.NS,CREST.NS,JPOLYINVST.NS,ESCORP.BO,AMPL.BO,VHL.NS,AFSL.NS,CRAMC.NS,NAHARCAP.NS,CORALFINAC.NS,HDFCAMC.NS,DHARNI.BO,SBIFUNDS.NS,WEALTH.NS,BLAL.NS,CENTRUM.NS,MEDIASSIST.NS,UTIAMC.NS,SRAMSET.BO,CMSINFO.NS"
55,Medical Specialties,Health Technology,50,50,44,47,"SETL.NS,CHOKSI.BO,LENSKART.NS,NURECA.NS,VOEPL.NS,POLYMED.NS,HSIL.BO,MOLBIO.NS,SDL.BO,GKB.NS,CSURGSU.BO,PREVEST.BO,RAAJMEDI.BO,SHREEPAC.BO,MICEL.NS,AMKAY.BO,TRANSPACT.BO"
56,Integrated Oil,Energy Minerals,50,44,51,45,"ANTELOPUS.NS,IRMENERGY.NS,HINDOILEXP.NS,SHRAJOI.BO,IOC.NS"
57,Publishing: Newspapers,Consumer Services,50,59,58,50,"HMVL.NS,HTMEDIA.NS,SANDESH.NS,JAGRAN.NS,DBCORP.NS"
58,Chemicals: Major Diversified,Process Industries,50,49,53,55,"SKM.BO,RPEL.NS,AETHER.NS,CHEMBONDCH.NS,PAUSHAKLTD.NS,AARTISURF.NS,AARTIIND.NS,PRIVISCL.NS,PATELCHEM.BO,FINEORG.NS,PLASTIBLEN.NS,FOSECOIND.NS,JUBLINGREA.NS,INDGELA.BO,CHEMBOND.NS,DMCC.NS,DDEVPLSTIK.NS,AMBICAAGAR.NS,SUDARCOLOR.NS,GEMAROMA.NS,TECHNICHEM.BO,INDOAMIN.NS,HARLETH.BO,POLYCHEM.BO,DIAMINESQ.NS,PLATIND.NS,ACI.NS,DSFCL.NS,DEEPAKCHEM.BO,VAHH.BO,RESGEN.BO,CHEMPLASTS.NS"
59,Miscellaneous Manufacturing,Producer Manufacturing,49,52,51,47,"SAMTELIN.BO,PANKAJPO.BO,RAMGOPOLY.BO,KKPLASTICK.BO,HITECHCORP.NS,AMEENJI.BO,IYKOTHITE.BO,MITSU.BO,APOLLOPIPE.NS,ADOR.NS,IIRM.BO,KANPRPLA.NS,PIXTRANS.NS,ELGIRUBCO.NS,DIKSHA.BO,DHAVAL.BO,KAKA.BO,PPL.NS,GARFIBRES.NS,AMDIND.NS,FOSECOC.BO,INDAG.BO,GRPLTD.NS,HAWKINCOOK.NS,ALFAICA.BO,NARMP.BO,MOLDTKPAC.NS,FLUIDOM.BO,POLYCON.BO,PYRAMID.NS,BDI.BO,ASTRAL.NS,GUJRAFFIA.NS,ATHARVA.BO,BOROLTD.NS,SUPREMEIND.NS,DALBHARAT.NS,CPL.NS,ORICONENT.NS,INTLCONV.NS,ALKOSIGN.BO,SONALAD.BO,DHPIND.BO,TEXMOPIPES.NS,FINPIPE.NS,DUTRON.BO,KUNSTOFF.BO,ASHISHPO.BO,SIZEMASTER.BO,VAMSHIRU.BO,SOMICONVEY.NS,HORIZON.BO,NIRAJISPAT.NS,SAMPANN.NS,RHIM.NS,MALPANI.BO,DEFRAIL.BO,AIKPIPES.BO,ALLTIME.NS,KISAN.BO,NATPLAS.BO,TOKYOPLAST.NS,KRITI.NS,CCME.BO,APTPACK.BO"
60,Finance/Rental/Leasing,Finance,49,46,50,45,"RANJITSE.BO,ASIACAP.BO,AMRAFIN.BO,KREONFIN.BO,GDLLEAS.BO,JLL.BO,TFCILTD.NS,KINETRU.BO,PAISALO.NS,CITIPOR.BO,CTL.BO,VLL.BO,CLFL.BO,VAPIENTER.BO,SANGHVIMOV.NS,IIFL.NS,PAYTM.NS,KISSHT.NS,IFCI.NS,UYFINCORP.NS,PURPLEFIN.BO,SHRIRAMFIN.NS,SATIN.NS,PIRAMALFIN.NS,JAFINANCE.BO,IFINSEC.BO,NIYOGIN.BO,AYE.NS,PNBHOUSING.NS,MUFIN.NS,MANCREDIT.NS,OSWALEA.BO,M&MFIN.NS,MUTHOOTMF.NS,ARMANFIN.NS,CGCL.NS,MANAPPURAM.NS,INDERGR.BO,LTF.NS,FUSION.NS,CHOLAFIN.NS,SANGAMFIN.BO,TFSL.BO,INDBNK.BO,CREDITACC.NS,BAJFINANCE.NS,CAPTRUST.NS,TATACAP.NS,POONAWALLA.NS,JJFINCOR.BO,LYONSCO.BO,PARAGONF.BO,NORTHARC.NS,INDOSTAR.NS,KZLFIN.BO,MUTHOOTCAP.NS,MANBA.NS,FEDFINA.NS,LAXMIINDIA.NS,GOLECHA.BO,TRUSTEDGE.BO,FIVESTAR.NS,HOMEFIRST.NS,RTFL.BO,RAJKOTINV.BO,SAMMAANCAP.NS,CANFINHOME.NS,SUNDARMFIN.NS,MASKINVEST.NS,HDBFS.NS,RFL.BO,KEYCORP.BO,MASFIN.NS,INDIAHOME.BO,AADHARHFC.NS,SAHARAHOUS.BO,MKVENTURES.BO,FINKURVE.NS,SALEM.BO,SBFC.NS,SAHLIBHFI.NS,SRGHFL.NS,APOLLOFI.BO,APTUS.NS,MANSIFIN.BO,UNTTEMI.BO,AAVAS.NS,SPANDANA.NS,MUTHOOTFIN.NS,RECLTD.NS,CEEJAY.BO,INDUSTOWER.NS,ICDSLTD.NS,REPCOHOME.NS,LICHSGFIN.NS,NDGL.NS,SRSOLTD.BO,CAPFIN.BO,BAJAJHFL.NS,SSFLPP.BO,RELICTEC.BO,CHOLAHLDNG.NS,STARTECK.NS,SAINIK.BO,AVAILFC.BO,PFC.NS,SBICARD.NS,HUDCO.NS,ADMANUM.BO,HARYNACAP.BO,GICHSGFIN.NS,AUTOINT.BO,MAHAPEXLTD.NS,ACME.BO,SAKTHIFIN.BO,IREDA.NS,KIFS.BO,INTRGLB.BO,AASTAFIN.BO,PFS.NS,MANGALCOMP.BO,UNITDCR.BO,CROWN.NS,INDIASHLTR.NS,GLANCE.BO,PRITHVIEXCH.BO,NLFL.BO,ABIRAFN.BO,IRFC.NS,ABHICAP.BO,NPRFIN.BO,BAZELINTER.BO,SHVFL.BO,TARACHAND.NS,UGROCAP.NS,CIFL.NS,MANRAJH.BO,ECOSMOBLTY.NS,SEEMAX.BO,DHRUVCA.BO"
61,Steel,Non-Energy Minerals,49,50,44,50,"STEELCO.BO,SALSTEEL.NS,MAHASTEEL.NS,VISL.NS,RSTL.BO,INDIAHOMES.BO,RATNAVEER.NS,REMIEDEL.BO,MWL.NS,NEETUYOSHI.BO,JINDALSAW.NS,KVSCASTING.BO,COCKERILL.NS,STEELCAS.NS,KAMDHENU.NS,RSL.NS,MAIDEN.BO,ELECTHERM.NS,BGWTATO.BO,VSSL.NS,MANAKSTEEL.NS,LLOYDSME.NS,GOODLUCK.NS,JAYNECOIND.NS,VENUSPIPES.NS,SAMBHV.NS,SUNFLAG.NS,APLAPOLLO.NS,RATHIST.BO,JTLIND.NS,SHAHALLOYS.NS,RISHDIGA.BO,NATGENI.BO,BMW.BO,COSMICCRF.BO,CREATIVE.BO,SSWRL.BO,KIRLOSIND.NS,SAIL.NS,GANDHITUBE.NS,SURAJ.BO,KSL.NS,JSWSTEEL.NS,SGIL.NS,MAHSEAMLES.NS,ORISSAMINE.NS,MANAKCOAT.NS,KIOCL.NS,CRIMSON.BO,MUKANDLTD.NS,NCML.BO,BANSALWIRE.NS,RUDRA.NS,JINDALSTEL.NS,TIINDIA.NS,KIRLFER.NS,GUJINTRX.BO,TATASTEEL.NS,SARDAEN.NS,KAJARIR.BO,GARGFUR.BO,GPIL.NS,RATNAMANI.NS,RHETAN.NS,NSLNISP.NS,JSL.NS,MSPL.NS,TALBROSENG.BO,VRAJ.NS,MANAKSIA.NS,GALLANTT.NS,ELECTCAST.NS,HISARMETAL.NS,MPKSTEELS.BO,BEDMUTHA.NS,SURYAROSNI.NS,NELCAST.NS,VRUDDHI.BO,SUPERIRON.BO,PRAKASH.NS,PENIND.NS,KANSHST.BO,HITECH.NS,VSTL.NS,INCREDIBLE.NS,SCODATUBES.NS,UNIAUTO.BO,VASWANI.NS,SMLT.NS,HARIOMPIPE.NS,ASHSI.BO,JAIBALAJI.NS,METALCO.BO,VMSTMT.NS,TULSYAN.BO,VISACHROME.NS,BLOIN.BO,GEEKAYWIRE.NS,SHRDAIS.BO,SURAJLTD.NS,CHENFERRO.BO,UMIYA.BO,MSCTC.BO,MITTALSTL.BO,ANUBHAV.BO,IMEC.BO,NITINCAST.BO"
62,Pharmaceuticals: Generic,Health Technology,49,38,39,45,"ZIMLAB.NS,JAGSNPHARM.NS,NUTRICIRCLE.BO,ZENLABS.BO,KABRADG.BO,DENISCHEM.BO"
63,Industrial Machinery,Producer Manufacturing,49,45,50,50,"LIPPISYS.BO,BATLIBOI.NS,FILTRON.BO,KABRAEXTRU.NS,WELCORP.NS,INCON.BO,DEEDEV.NS,AEROFLEX.NS,EMAINDIA.BO,MACPOWER.NS,SHREEREF.BO,SAPL.BO,GEE.BO,CHANDNIMACH.BO,ADMACH.BO,KRN.NS,AEROENTER.NS,INOXINDIA.NS,UNIMECH.NS,MANINDS.NS,EXPOEAPL.BO,TALBROAUTO.NS,LMW.NS,DIFFNKG.NS,SUNITATOOL.BO,SHTL.BO,YUKEN.NS,AEGEUS.BO,DYNAMATECH.NS,REXNORD.BO,ELGIEQUIP.NS,INDOMIM.NS,LCL.NS,SOTEFIN.BO,HMT.NS,AIAENG.NS,WALCHANNAG.NS,PITTIENG.NS,KABSON.BO,THERMAX.NS,KIRLPNU.NS,BEMHY.BO,KIRLOSBROS.NS,KEL.BO,JASH.NS,SBVCL.BO,WINDMACHIN.NS,SAMRATFORG.BO,FILTRA.BO,BALGOPAL.BO,ADVLIFE.BO,IFGLEXPOR.NS,WENDT.NS,UVDRHOR.BO,GALLARD.BO,GMMPFAUDLR.NS,ROTO.NS,KSB.NS,SEALMATIC.BO,PATELSAI.BO,GGDPROP.BO,HARISH.BO,ACROW.BO,MAZDA.NS,FMGOETZE.NS,MAMATA.NS,TRITURBINE.NS,PRINCEPIPE.NS,LATTEYS.NS,DISAQ.NS,AMBER.NS,LAKSHMIEW.BO,BANCOINDIA.NS,TIMKEN.NS,ARTSON.BO,AMCOIND.BO,MIVENMACH.BO,AZTEC.BO,SAATVIKGL.NS,ROSEMER.BO,EPBIO.BO,SHAYONAENG.BO,IONEXCHANG.NS,SUBROS.NS,MAHSCOOTER.NS,SRIGEE.BO,ICEMAKE.NS,VOLTAS.NS,COMRADE.BO,SOLIMAC.BO,EKC.NS,GGAUTO.BO,RUNGTAIR.BO,CROMPTON.NS,TRUECOLORS.BO,ANUP.NS,STOVACQ.BO,TOTEM.BO,INDIANCARD.NS,VJLAXMIE.BO,ATVPR.BO,HAWAENG.BO,CENLUB.BO,BLUESTARCO.NS,HLEGLAS.NS,LOYAL.BO,SHAKTIPUMP.NS,POLYCHMP.BO,DUNCANENG.BO,ANDREWYU.NS,NESCO.NS,EUREKAFORB.NS,CHEMTECH.BO,SARTHAKIND.BO,JOSTS.BO,INTEGRAEN.BO,AFFORDABLE.NS,EPACK.NS,SYMPHONY.NS,FORBESCO.BO,RAJOOENG.NS,QUESTFLOW.BO,ATAM.NS,BRADYM.BO,OSWALPUMPS.NS,GUJJUBHAI.BO,REXSEAL.BO,ENVAIREL.BO,MEERA.BO,QRIL.BO"
64,Life/Health Insurance,Finance,49,50,49,39,"STARHEALTH.NS,CANHLIFE.NS,BAJAJFINSV.NS,NIVABUPA.NS,LICI.NS,SBILIFE.NS,MFSL.NS,ICICIPRULI.NS"
65,Movies/Entertainment,Consumer Services,48,51,50,48,"IDREAM.BO,JOJO.BO,PFOCUS.NS,SAREGAMA.NS,SHEMAROO.NS,PVRINOX.NS,TIPSMUSIC.NS,GFLLIMITED.NS,CINELINE.NS,IMAGICAA.NS,SSPRL.BO,BALAJITELE.NS,WONDERLA.NS,AJWAFUN.BO,TIPSFILMS.NS,UFO.NS,POOJAENT.BO,DELTACORP.NS,GTTDATA.BO,AQYLON.NS,CPML.BO"
66,Home Improvement Chains,Retail Trade,48,66,74,62,"MCPL.BO,SHANKARA.NS"
67,Semiconductors,Electronic Technology,48,36,43,58,"UTLSOLAR.NS,GRERENEW.BO,HIGHNESS.BO,EMMVEE.NS,METSL.BO,PREMIERENE.NS,STERPOW.BO,MOSCHIP.NS,RIR.NS,SURANASOL.NS,WAAREEENER.NS,INA.NS,ADTECH.BO,WEBELSOLAR.NS,VIKRAMSOLR.NS,SOLARIUM.BO"
68,Packaged Software,Technology Services,48,50,54,48,"ISERA.BO,PURPLEWAVE.BO,EXATO.BO,AMRAPLIN.BO,SHADOWFAX.NS,DANLAW.BO,RATEGAIN.NS,AMAGI.NS,NINSYS.NS,NBL.BO,OFSS.NS,TELECANOR.BO,STYL.NS,MOBAVENUE.BO,AURUM.NS,IZMO.NS,ACEALPHA.BO,NAZARA.NS,TATATECH.NS,URBANCO.NS,NPST.NS,SIGMA.NS,ADJIA.BO,SOFTTECH.NS,BHARATROHAN.BO,NOVUS.BO,63MOONS.NS,ARIS.NS,PANSARI.NS,INFINITY.BO,BLACKBUCK.NS,CWD.BO,KLASSROOM.BO,SAGARSOFT.BO,AFFLE.NS,WORKMATES.BO,HCKKVENTURE.BO,KFINTECH.NS,EMUDHRA.NS,MPHASIS.NS,DATAMATICS.NS,INFOBEAN.NS,KRATIKAL.BO,7SEASL.BO,FRACTAL.NS,ACCELYA.NS,ERPSOFT.BO,HEXT.NS,CAPILLARY.NS,NETLINK.BO,KSOLVES.NS,AHASOLAR.BO,NEWGEN.NS,CONTCHM.BO,CYIENT.NS,INTELLECT.NS,PINELABS.NS,IDENTIXWEB.BO,SILVERTUC.NS,BSOFT.NS,MUKTAARTS.NS,ZENSARTECH.NS,UNIECOM.NS,INNOVANA.NS,JUPITERIN.BO,WESTLEIRES.BO,VEEFIN.BO,ICODEX.BO,ZAGGLE.NS,RAMINFO.BO,RSSOFTWARE.NS,EXCELSOFT.NS,AUSTERE.BO,ODYSSEY.BO,QUICKHEAL.NS,KPITTECH.NS,GENESYS.NS,LOGICIEL.BO"
69,Air Freight/Couriers,Transportation,48,41,44,42,"NATHUEC.BO,DESIFARMS.BO,MAHESHWARI.NS,RAPID.BO,SVLL.NS,AEGISVOPAK.NS,TOTAL.NS,MAHLOG.NS,LEAPIND.NS,SCI.NS,FORINTL.BO,AVG.NS,OMFREIGHT.NS,GLOBALLOG.BO,ASPINWALL.NS,DELHIVERY.NS,PSPL.BO,TVSSCS.NS,TCIEXP.NS,SILL.BO,BLUEDART.NS,SINDHUTRAD.NS,ABCINDQ.BO,TRANSVOY.BO,SWIGGY.NS,FLOMIC.BO,TIGERLOGS.NS,WCIL.NS,DHILLON.BO,CARGOTRANS.BO,GBLOGISTIC.BO,SUNSKY.BO"
70,Pulp & Paper,Process Industries,47,40,46,45,"RGIL.BO,CELLA.BO,RIDDHI.BO,EMAMIPAP.NS,SKPMIL.BO,STHINPA.BO,PRABHATAM.BO,SUBAM.BO,GANGAPA.BO,SANPA.BO,JKPAPER.NS,RAMANEWS.NS,PDMJEPAPER.NS,STARPAPER.NS,TNPL.NS,SESHAPAPER.NS,MALUPAPER.NS,SATIA.NS,ANDHRAPAP.NS,DHANROTO.BO,ABRIL.BO,RUCHIRA.NS,KUANTUM.NS,NATHIND.BO,KSSMART.BO,PAKKA.NS,THREEMPAPE.BO,SHREYANIND.NS"
71,Wholesale Distributors,Distribution Services,47,51,44,47,"SIMANDHAR.BO,VEL.BO,VOLKAI.BO,AEGISLOG.NS,AVAX.BO,SICAGEN.NS,DRL.BO,MARINE.NS,CCAL.BO,AERPACE.BO,ECOFINITY.BO,SBC.NS,AGRIBIO.BO,ACEMEN.BO,STALLION.NS,PIPAN.BO,BUILDPRO.NS,ALCHCORP.BO,EFORU.BO,DHOOTIN.BO,SAMOR.BO,VEGA.BO,JAYBARMARU.NS,THEJO.NS,SAENTER.BO,KHAZANCHI.BO,ADANIENT.NS,LLOYDSENT.NS,JOLYPLS.BO,MISHKA.BO,PALCO.BO,JKIPL.NS,NANTA.BO,MERCURYEV.NS,METROGLOBL.NS,VINCOFE.NS,RRPDEFENSE.BO,TEGA.NS,GMDCLTD.NS,IMPAL.NS,MMTC.NS,NEERAJ.BO,MARBLE.BO,YASHINNO.BO,MULLER.BO,HMEML.BO,EVERESTIND.NS,HEXATRADEX.NS,BHAVIK.BO,YSL.BO,PARSHVA.BO,FRONTCORP.BO,VINYLINDIA.NS,CONSTRONIC.BO,BMWVENTLTD.NS,KOTHARIPRO.NS,ENTRINT.BO,MRCAGRO.BO,SIMPLXPAP.BO,ANIKINDS.NS,SSDL.NS,ATENPAPERS.BO,VERITAS.BO,EFCIL.NS,TAIIND.BO,SHARDACROP.NS,KTIL.BO,SSTL.BO,UVS.BO,ISHANCH.NS,SRD.NS,AIHL.BO,GEL.BO,NVENTURES.BO,UMAEXPORTS.NS,RONI.BO,SHIVTEXCHEM.BO,SANINFRA.BO,SANBLUE.BO,SHREE.BO,TCC.NS,AUREATE.BO,GVL.BO,SEML.BO,INLCM.BO"
72,Food: Major Diversified,Consumer Non-Durables,47,52,37,42,"APIS.BO,LYKISLTD.BO,IBINFO.BO,NESTLEIND.NS,SANSTAR.NS,ZYDUSWELL.NS,BCLIND.NS,TIGLOB.BO,CHORDIA.BO,DVL.NS,AVEER.BO,BENGALT.BO,GROBTEA.NS,GILLANDERS.NS,SSMD.BO,UNIQUEO.BO,JAMESWARREN.BO,BBTC.NS,SVJ.BO"
73,Investment Trusts,Miscellaneous,47,48,44,41,"GROWW.NS,CITIUSINVT.BO,ALTIUSINVIT.BO,PSPLATINA.BO,ISCITRUST.BO,MIT.BO,ENERGYINF.BO,JINDCAP.BO,SUMMITSEC.NS"
74,Investment Banks/Brokers,Finance,47,43,45,48,"MRUTR.BO,TANDHANIN.BO,STELLANT.BO,HIKLASS.BO,INDUSFINL.BO,PHCAP.BO,ACFSL.BO,SWASTIKA.BO,SHARDUL.NS,MIDEASTP.BO,SW1.BO,SGFIN.NS,WELINV.NS,RAJVI.BO,GSBFIN.BO,SANCF.BO,REGENCY.BO,FRUTION.BO,MCX.NS,GCSL.NS,INANISEC.BO,KRISHNACAP.BO,VISTARAMAR.BO,KJMCCORP.BO,AUSOMENT.NS,GAMCO.BO,SMCGLOBAL.NS,MONARCH.NS,DHANCOT.BO,SHAREINDIA.NS,EDELWEISS.NS,5PAISA.NS,PESB.BO,RRP.BO,21STCENMGM.NS,GEOJITFSL.NS,SARTHAKGL.BO,BNRSEC.BO,DBSTOCKBRO.NS,ABHIFIN.BO,BERYLSE.BO,AARNAV.NS,ALGOQUANT.NS,NEXOME.BO,CHRTEDCA.BO,TITANSEC.BO,WALLFORT.BO,MODRNSH.BO,NAM.BO,JOINDRE.BO,IIFLCAPS.NS,VLSFINANCE.NS,BSE.NS,GOWRALE.BO,DOLATALGO.NS,CDSL.NS,UCIL.BO,ANGELONE.NS,PRIMESECU.NS,ARYACAPM.BO,MEHIF.BO,HELPAGE.BO,ARIHANTCAP.NS,SKPSEC.BO,ELIXIR.BO,UPSURGE.BO,DSINVEST.BO,PNBGILTS.NS,GYFTR.NS,KEYFINSERV.NS,ARSSBL.NS,IEX.NS,STEELCITY.NS,RAPIDIN.BO,INDBANK.NS,JHACC.BO,TATAINVEST.NS,BHARAT.BO,SPCAPIT.BO,SODHACAP.BO,CILSEC.BO,PURSHOTTAM.BO,JMFINANCIL.NS,ASITCFIN.BO,THEINVEST.NS,QUESTCAP.BO,NIDHGRN.BO,CSLFINANCE.NS,RIKHAV.BO,BIRLAMONEY.NS,MASTERTR.NS,BERVINL.BO,GAJANANSEC.BO,HBSL.NS,TRILIANCE.BO,CRESCENTIS.BO,MGIL.BO,SITAENT.BO,SAUMYA.BO,RAMSONS.BO,MYMONEY.BO,NAGREEKCAP.NS,DAULAT.BO,1STCUS.BO,ALSL.BO,MUNCAPM.BO,JSWHL.NS,NDASEC.BO,GOGIACAPGL.BO,MEAPL.BO,STEP2COR.BO,USHAKIRA.BO,RFSL.BO,SYSTMTXC.NS,FUTURSEC.BO,INDOTHAI.NS,LORDSMARK.BO"
75,Industrial Conglomerates,Producer Manufacturing,46,30,48,42,"TIRUPATIFL.NS,GRAMEVA.BO,IPRINGLTD.NS,3MINDIA.NS,DCMSHRIRAM.NS,KCP.NS,BALMLAWRIE.NS,UNIENTER.NS,FIBERWEB.NS"
76,Information Technology Services,Technology Services,46,49,45,45,"AXISOL.BO,SESHACHAL.BO,SIGMAADV.NS,STLTECH.NS,SANCODE.BO,COVANCE.BO,E2E.NS,GSTL.BO,PVP.NS,CAPRICORN.BO,CALSOFT.NS,EBGNG.NS,LOKESHMACH.NS,ASMTEC.BO,PRARUH.BO,OCTAWARE.BO,CTE.NS,3IINFOLTD.NS,ARIGATO.BO,ZENTEC.NS,XTRANET.NS,BENCHMARK.BO,SASKEN.NS,COFORGE.NS,BBOX.NS,SATTRIX.BO,NNTL.BO,RAMCOSYS.NS,IVALUE.NS,TECHM.NS,SECMARK.NS,PERSISTENT.NS,TANLA.NS,OMEGAIN.BO,INFORTEC.BO,AAATECH.NS,MPCOSEMB.BO,AMPVOLTS.BO,SENINFO.BO,SONATSOFTW.NS,ONWARDTEC.NS,GOLDTECH.NS,CAMS.NS,B2BSOFT.BO,UNIFIED.BO,HCLTECH.NS,SAKSOFT.NS,EXPLEOSOL.NS,TAKE.NS,DSSL.NS,CSM.NS,CYBERTECH.NS,CNINFOTECH.BO,METAINFO.BO,ATISHAY.BO,MASTEK.NS,MADALA.BO,DCM.NS,TCS.NS,INSPIRISYS.NS,TERASOFT.NS,XTGLOBAL.NS,NUCLEUS.NS,MCLOUD.NS,UNITEDINT.BO,TREJHARA.NS,INFY.NS,TRIGYN.NS,MEGRISOFT.BO,INTENTECH.NS,XCHANGING.NS,WIPRO.NS,ORIENTTECH.NS,MINDTECK.NS,PROTEAN.NS,ADSL.NS,7TEC.BO,EUPHORIAIT.BO,DEVIT.NS,TATAELXSI.NS,RSYSTEMS.NS,ANKIN.BO,AURIONPRO.NS,XELPMOC.NS,ATHENAGLO.BO,NIKSTECH.BO,CURAA.NS,ACEENGITEC.BO,EDVENSWA.BO,METHODHUB.BO"
77,Oil & Gas Pipelines,Industrial Services,46,67,54,54,RIIL.NS
78,Miscellaneous Commercial Services,Commercial Services,46,49,50,47,"SMTEL.BO,HYPERSOFT.BO,AMALGAM.BO,BLUSPRING.NS,KAPSTON.NS,ESHAMEDIA.BO,SAILIFE.NS,ICON.BO,GTECJAINX.NS,MACHLTD.BO,NORTHLINK.BO,ISTRNETWK.BO,CMPDI.NS,GLOBAL.NS,CONCORDBIO.NS,HILIKS.BO,MAGNUS.BO,POBS.BO,VIMTALABS.NS,QLL.BO,SIS.NS,VERANDA.NS,NIITLTD.NS,SUPRAPFSL.BO,MITCON.NS,UDS.NS,KRYSTAL.NS,MAJESAUT.NS,IKS.NS,CHOICEIN.NS,GBLINFRA.BO,WALCHPF.BO,CLEDUCATE.NS,ASIAPAK.BO,TECHKGREEN.BO,WSFX.BO,ONEPOINT.NS,BNRUDY.BO,GOLDENCREST.BO,AXISCADES.NS,ECLERX.NS,PWL.NS,FUTSOL.BO,RITHWIKFMS.BO,EXHICON.BO,AARTECH.NS,SAGILITY.NS,MSECL.BO,NIRMITEE.BO,RITES.NS,IGIL.NS,LTTS.NS,CHOKSILA.BO,CPEDU.NS,WEWIN.NS,DECOMIC.BO,SSL.BO,ALLDIGI.NS,PRODOCS.BO,AMITSEC.BO,ADL.NS,FSL.NS,UNICK.BO,MOBIKWIK.NS,HGS.NS,SNOWMAN.NS,LIKHAMI.BO,PROCLB.BO,VISVEN.BO,SUGALDAM.BO,ASIAN.BO,NBCC.NS,MPILCORPL.BO,ACCELERATE.BO,MAPMYINDIA.NS,DIGITIDE.NS,HBEL.BO,APTECHT.NS,IECEDU.BO,NIITMTS.NS,KGES.BO,CAPRO.BO,EMERGENT.BO,JAYKAY.NS,RTNINDIA.NS,SYNGENE.NS,RADIANTCMS.NS,TOUCHWOOD.NS,LATENTVIEW.NS,NISMGMT.BO,ICONIKSPEV.BO,ALPHALOGIC.BO,TTC.BO,AEIM.BO,SAFECURE.BO,GULFLLOYDS.BO"
79,Trucks/Construction/Farm Machinery,Producer Manufacturing,46,51,51,49,"SWANDEF.NS,KMEW.NS,LAXMIPATI.BO,CRAFTSMAN.NS,AIRFLOA.BO,ACE.NS,EIMCOELECO.NS,INDCTST.BO,INGERRAND.NS,ASHOKLEY.NS,CRANEX.BO,TITAGARH.NS,TIL.NS,BALUFORGE.NS,BEML.NS,GREAVESCOT.NS,MAZDOCK.NS,ADARSHPL.BO,GRSE.NS,AJAXENGG.NS,MVELECTRO.NS,ATIL.BO,COCHINSHIP.NS,INDOFARM.NS,SEMAC.NS,BHARATGEAR.NS,TEXRAIL.NS,HERCULES.BO,SWANAGRO.BO,INTLCOMBQ.BO,GUJAPOLLO.NS,TRF.NS,VSTTILLERS.NS,JISLDVREQS.NS,GARWAMAR.BO,MAHEPC.NS,JWL.NS,JISLJALEQS.NS,BAJAJINDEF.NS"
80,Home Furnishings,Consumer Durables,45,42,47,38,"SOURCEIND.BO,CALLISTA.BO,KAHAN.BO,NILKAMAL.NS,CARYSIL.NS,MILEFUR.BO,TIRUFOAM.BO,PRIMAPLA.BO,ASAHIINDIA.NS,TTKPRESTIG.NS,CERA.NS,HARSHDEEP.BO,LAOPALA.NS,TEXELIN.BO,CELLO.NS,BELLACASA.NS,STANLEY.NS,BCONCEPTS.NS,PRITI.NS,SPITZE.BO"
81,Financial Conglomerates,Finance,45,50,43,46,"SALSAIN.BO,KARTKIN.BO,KUBERJI.BO,SWATIPRO.BO,INDCEMCAP.BO,PRISMMEDI.BO,HRMNYCP.BO,STEL.NS,CONSOFINVT.NS,GALADAFIN.BO,SWRNASE.BO,MKPMOB.BO,PEOPLIN.BO,KICL.NS,BFINVEST.NS,AIIL.NS,GANHOLD.BO,MIL.BO,RPSGVENT.NS,SILINV.NS,BAJAJHLDNG.NS,LEXGLOBAL.BO,JINDALPHOT.NS,IITL.NS,MARGOFIN.BO,NBIFIN.NS,QGO.BO,TSFINV.NS,RISHYRN.BO,MORARKFI.BO,CMXLTD.BO,NSIL.NS,LERTHAI.BO,SOUTLAT.BO,PILANIINVS.NS,LFIC.NS,TEAMGTY.NS,JIOFIN.NS,EASUN.BO,ELCIDIN.NS,KGVL.BO,WILLAMAGOR.NS,AGARWAL.BO,DFL.BO,APOORVA.BO,MORGAN.BO,TCFCFINQ.BO,CUPIDALBV.BO,GSLSEC.BO,ZMILGFIN.BO,NISUS.BO"
82,Food Distributors,Distribution Services,44,48,50,37,"RRMETAL.BO,HALDER.NS,UNJHAFOR.BO,FRATELLI.BO,ADON.BO,PURETROP.BO,STCINDIA.NS,OLYOI.BO,MRP.BO,HMAAGRO.NS,TANVI.BO,MONIKA.BO,NMSGLOBAL.BO"
83,Wireless Telecommunications,Communications,44,44,52,36,"BHARTIARTL.NS,BHARTIHEXA.NS"
84,Beverages: Alcoholic,Consumer Non-Durables,44,51,52,47,"CHMBBRW.BO,RADICO.NS,TI.NS,UNITDSPR.NS,ABDL.NS,IFBAGRO.NS,JAGAJITIND.BO,GMBREW.NS,NSL.BO,GLOBUSSPR.NS,UBL.NS,WINSOMBR.BO,ASALCBR.NS,SDBL.NS,SILVOAK.BO"
85,Building Products,Producer Manufacturing,43,47,45,46,"LTELEVATOR.BO,MSAFE.BO,JNKINDIA.NS,IKOMA.BO,FABCLEAN.BO,ORIENTBELL.NS,INDIANHUME.NS,GREENPLY.NS,ARCHIDPLY.NS,KAJARIACER.NS,BRPL.BO,SOMANYCERA.NS,RISHILASE.BO,AHMDSTE.BO,CENTURYPLY.NS,POKARNA.NS,NITCO.NS,CEETAIN.BO,AARON.NS,MURUDCERA.NS,INTERARCH.NS,ELEMARB.BO,AHLADA.NS,REGENCERAM.NS,MBEL.NS,ZODIAC.NS,HINDWAREAP.NS,ASIANTILES.NS,SOLEX.NS,TRL.BO"
86,Other Transportation,Transportation,43,42,43,47,"SHREEJISPG.NS,SICALLOG.NS,REPONO.BO,LYNMC.BO,ADANIPORTS.NS,GMRAIRPORT.NS,GKWLIMITED.NS,NAVKARCORP.NS,SANCTRN.BO,STARLOG.BO,RIDDHICORP.BO,INNOVISION.NS,PRIMEFRESH.BO,HILINFRA.NS,DREAMFOLKS.NS"
87,Real Estate Development,Finance,42,43,43,44,"ARIHANT.NS,GALLOPENT.BO,IBULLSLTD.NS,GROVY.BO,OMAXE.NS,DYNAVSN.BO,LANCORHOL.NS,KESAR.BO,AXENTRA.BO,SBLI.BO,SRMCL.BO,KOLTEPATIL.NS,SASHWAT.BO,LODHA.NS,WEWORK.NS,RAJABAH.BO,PHOENIXLTD.NS,NEOINFRA.BO,OBEROIRLTY.NS,ARVSMART.NS,SMARTWORKS.NS,GEECEE.NS,MAXESTATES.NS,BRIGADE.NS,VGIL.BO,NIRLON.NS,MNIL.BO,NUKLEUS.BO,ASHIANA.NS,GODREJPROP.NS,PRESTIGE.NS,MODIS.NS,LOTUSDEV.NS,JUSTO.BO,MAHLIFE.NS,IITLPROJ.BO,ELDEHSG.NS,RAYMONDREL.NS,DLF.NS,ASTALLTD.BO,TREL.NS,MOTOGENFIN.NS,INDIQUBE.NS,GUJCRED.BO,RAP.BO,AGIIL.NS,PTL.NS,GYANDEV.BO,TCIIND.BO,MADHUDIN.BO,PRIMEPRO.BO,GANVERSE.BO,NARPROP.BO,HEMIPROP.NS,EMBDL.NS,PURVA.NS,STLSTRINF.BO,SUMIT.NS,KEMP.BO,MODIPON.BO,PRIMIND.BO,3PLAND.NS,AMJLAND.NS,SHRIKRISH.NS,MANINFRA.NS,SOBHA.NS,SHRIRAMPPS.NS,SWAGTAM.BO,RODIUM.BO,ELNET.BO,TARC.NS,JAMSHRI.BO,SAMINDUS.BO,STRGRENWO.BO,GOLDENTOBC.NS,MARBU.BO,NIMBSPROJ.NS,ARIHANTSUP.NS,SIGNATURE.NS,SUNTECK.NS,DEVX.NS,SBGLP.NS,PROZONER.NS,EMAMIREAL.NS,DBREALTY.NS,AJMERA.NS,KALPATARU.NS,YURANUS.BO,HUBTOWN.NS,RATNABHUMI.BO,RUSTOMJEE.NS,GARNET.BO,SAFFRON.BO,CITADEL.BO,OSWALGREEN.NS,SUPREME.NS,OSWALAGRO.NS,MARATHON.NS,AWFIS.NS,RAINBOWF.BO"
88,Personnel Services,Commercial Services,42,49,48,44,"MAXGROW.BO,QUESS.NS,AARVI.NS,TEAMLEASE.NS,PANHR.BO,CASPIAN.BO,ITCONS.BO"
89,Hotels/Resorts/Cruise Lines,Consumer Services,42,46,44,42,"AHLWEST.NS,SAYAJIHOTL.NS,CORDELIA.NS,EMERALL.BO,THELEELA.NS,ORIENTHOT.NS,ITDC.NS,RASRESOR.BO,RELIABVEN.BO,SHILINDORE.BO,MACH.BO,SAVERA.BO,INDHOTEL.NS,KAMATHOTEL.NS,SHPLPUNE.BO,CHALET.NS,TAJGVK.NS,ASIANHOTNR.NS,APOLSINHOT.NS,JUNGLECAMP.BO,JUNIPER.NS,VHLTD.NS,PGCRL.BO,SINCLAIR.NS,ITCHOTELS.NS,CINDHO.BO,SAMHI.NS,ADVANIHOTR.NS,GUJHOTE.BO,AHLEAST.NS,EIHOTEL.NS,CHLLTD.BO,PARKHOTELS.NS,JINDHOT.BO,EIHAHOTELS.NS,BRIGHOTEL.NS,ROHLTD.NS,LEMONTREE.NS,VENTIVE.NS,RHL.NS,RAYALEMA.BO,BYKE.NS,HBGHOTELS.BO,BLUECOAST.NS,ESPIRE.BO"
90,Automotive Aftermarket,Consumer Durables,41,50,53,31,"TVSSRICHAK.NS,MODIRUBBER.NS,CEATLTD.NS,BALKRISIND.NS,APOLLOTYRE.NS,MRF.NS,DOLFIN.BO,JTEKTINDIA.NS,KRYPTONQ.BO,JKTYRE.NS,GOODYEAR.NS,TOLINS.NS"
91,Coal,Energy Minerals,41,28,25,48,"SOUTHWEST.NS,CMLL.NS,COALINDIA.NS,REFEX.NS,BHARATCOAL.NS,STRATMONT.BO"
92,Gas Distributors,Utilities,41,49,45,43,"RAJSEC.BO,PETRONET.NS,ATGL.NS,GAIL.NS,MGL.NS,RCCL.BO,RUDRAGAS.BO,IGL.NS,GUJENERGY.NS"
93,Railroads,Transportation,41,45,42,38,"CONCOR.NS,GATEWAY.NS"
94,Multi-Line Insurance,Finance,41,43,41,41,"ABCAPITAL.NS,NIACL.NS,RELIGARE.NS,HDFCLIFE.NS,GODIGIT.NS"
95,Electric Utilities,Utilities,40,39,34,44,"SGMART.NS,ANANDPROJ.BO,ADANIENSOL.NS,SRMENERGY.BO,ADANIPOWER.NS,TEXINFRA.NS,GIPCL.NS,JSWENERGY.NS,NHPC.NS,NLCINDIA.NS,NAVA.NS,NTPC.NS,TATAPOWER.NS,CESC.NS,TORNTPOWER.NS,PACEDIGITK.NS,VEDPOWER.NS,PTC.NS,OMPOWER.NS,SJVN.NS,GITARENEW.BO,SWANCORP.NS,KARMAENG.NS,WAA.BO,RPOWER.NS,RELINFRA.NS"
96,Apparel/Footwear,Consumer Non-Durables,40,48,46,37,"VIVAA.BO,ATVOENT.BO,IRISDOREME.NS,PGIL.NS,MAYUR.BO,RACHIT.BO,ACKNIT.BO,BIZOTIC.BO,MEEIND.BO,SPAL.NS,AAYUSHBULL.BO,KPRMILL.NS,SPENTA.BO,PDSL.NS,EUROLED.BO,VARDHACRLC.NS,KKCL.NS,SUPERHOUSE.NS,RELAXO.NS,GOKEX.NS,SIDDHEGA.BO,CANTABIL.NS,ZENITHEXPO.NS,LUXIND.NS,SARUPINDUS.BO,RUPA.NS,THOMASCOTT.NS,SUNILTX.BO,PAGEIND.NS,MIRZAINT.NS,MONTECARLO.NS,SPLIL.NS,ACTIVE.BO,LIBERTSHOE.NS,LOVABLE.NS,DOLLAR.NS,CAMPUS.NS,INDTERRAIN.NS,MALLCOM.NS,ZODIACLOTH.NS,FIL.BO,SCOOBEEDAY.BO,RIYAASAT.BO,KSR.NS,CEENIK.BO,BATAINDIA.NS,GOCOLORS.NS,LEHAR.BO,RAYMONDLSL.NS,TUSALDAH.BO,VASHISHTHA.BO,JAIPURKURT.NS,PIONEEREMB.NS,VIPCLOTHNG.NS,KHADIM.NS,ABCOTS.NS,SKIEL.BO,BANG.NS,DAVIN.BO,RFIL.BO,SCARNOSE.BO"
97,Household/Personal Care,Consumer Non-Durables,40,40,42,39,"CUPID.NS,BAJAJCON.NS,KAYA.NS,PCCOSMA.BO,GALAXYSURF.NS,HIPOLIN.BO,AMWILL.BO,MARICO.NS,STDSFAC.BO,GILLETTE.NS,COLPAL.NS,HINDUNILVR.NS,EMAMILTD.NS,HRHYGIENE.BO,GODREJCP.NS,JYOTHYLAB.NS,DABUR.NS,PAOS.BO,PGHH.NS,THRIVE.BO,RAVEL.BO"
98,Engineering & Construction,Industrial Services,39,42,43,44,"UNIVASTU.NS,MODISONLTD.NS,KRISHNA.BO,VIRYA.BO,GAYAPROJ.NS,MARC.NS,TELGE.BO,CEMPRO.NS,VINDHYATEL.NS,BRGIL.BO,CFF.BO,ACMESOLAR.NS,LLOYDSENGG.NS,SCANPRO.BO,WABAG.NS,MOLDTECH.NS,GVPIL.NS,GENUSPRIME.BO,IL&FSENGG.NS,WELENT.NS,ABMINTLLTD.NS,JSWINFRA.NS,GOELCONS.BO,ENGINERSIN.NS,EPACKPEB.NS,ONEINDIG.BO,PSPPROJECT.NS,KPIL.NS,CEIGALL.NS,TECHNOCRAF.NS,GTV.BO,EMSLIMITED.NS,BAJEL.NS,LIKHITHA.NS,LT.NS,MARKOLINES.NS,PFL.BO,SUPREMEINF.NS,SUYOG.NS,SIMPLEXINF.NS,POWERMECH.NS,FAALCON.BO,VVIPIL.BO,KAUSHALYA.NS,EKANSH.BO,BGRENERGY.NS,SGFRL.BO,JAYANT.BO,GARUDA.NS,GPTINFRA.NS,GENCON.NS,DENTA.NS,CONART.BO,TARMAT.NS,SHRICON.BO,RJSHAH.BO,BCPL.NS,ATLANTAA.NS,PRAJIND.NS,HCC.NS,BLKASHYAP.NS,DBL.NS,AKASH.NS,SRM.NS,PATELENG.NS,JKIL.NS,SPMLINFRA.NS,REFEXRENEW.BO,SWSOLAR.NS,OVAL.BO,LESL.BO,OMINFRAL.NS,CCLINTER.BO,GKENERGY.NS,PNCINFRA.NS,BFUTILITIE.NS,HECPROJECT.NS,ARTEFACT.BO,GVELECTRIC.BO,PIGL.NS,SHREESHAY.BO,GRINFRA.NS,CAPACITE.NS,GMRP&UI.NS,USK.NS,DESCO.BO,KNRCON.NS,NIRAJ.NS,VSFPROJ.BO,SCDL.BO,SHRADHA.NS,IRCON.NS,SURAJEST.NS,AHLUCONT.NS,TECHNOE.NS,ISGEC.NS,RAUNAQ.BO,AFCONS.NS,MBLINFRA.NS,BONDADA.BO,RAJESH.BO,VASCONEQ.NS,GLOBECIVIL.NS,ASHOKA.NS,TRANSRAILL.NS,RVNL.NS,VALPLAST.BO,RAMKY.NS,CEINSYS.NS,VIKRAN.NS,HGINFRA.NS,KEC.NS,VIVIANA.NS,DARJEELING.BO,KRRAIL.BO,DHRUV.NS,ADVENTHTL.NS,RPPINFRA.NS,REPL.NS,DMR.BO,SOLARWORLD.NS,VPRPL.NS,RKEC.NS,MIZVEN.BO"
99,Financial Publishing/Services,Commercial Services,39,46,32,34,"CARERATING.NS,ICRA.NS"
100,Data Processing Services,Technology Services,38,71,53,24,"ACESEPP.BO,RELIABLE.NS,HAPPSTMNDS.NS,GHVINFRA.BO,ACESOFT.BO,LTM.NS,BLS.NS,IRIS.NS,VKGLOBAL.BO,HGM.NS,OLATECH.BO"
101,Food Retail,Retail Trade,38,44,22,23,"VPAL.BO,PATELRMART.NS,CITYSQUARE.BO,ACML.BO,SPENCERS.NS,ZAPPFRESH.BO"
102,Office Equipment/Supplies,Producer Manufacturing,37,43,45,39,"WSTCSTPAPR.NS,EUROPRATIK.NS,MOHITPPR.BO,DOMS.NS,NAVNETEDUL.NS,FLAIR.NS,RDEL.BO"
103,Chemicals: Agricultural,Process Industries,37,49,40,43,"KETOMOTORS.BO,MBAPL.NS,KRISHANA.NS,GSPCROP.NS,MAHALIFE.BO,ARIES.NS,BHAGCHEM.NS,SUMICHEM.NS,DEEPAKFERT.NS,EXCELINDUS.NS,JUBLCPL.NS,MACIND.BO,PARADEEP.NS,PUNJABCHEM.NS,ADVANCE.NS,DHARMAJ.NS,ATUL.NS,NACLIND.NS,TEEAI.BO,IGCL.NS,PHOSPHATE.BO,BHASKAGR.BO,EIDPARRY.NS,ZUARI.NS,FACT.NS,MADRASFERT.NS,RAMAPHO.NS,GSFC.NS,EPIGRAL.NS,SPIC.NS,BAYERCROP.NS,RCF.NS,NFL.NS,BSHSL.NS,INSECTICID.NS,SHIVALIK.NS,ASTEC.NS,KHAICHEM.NS,UPL.NS,IPL.NS,TATACHEM.NS,RALLIS.NS,AIMCOPEST.BO,BHARATAGRI.BO,HERANBA.NS,KEMISTAR.BO,NOVAAGRI.NS,AGROPHOS.NS,BHARATRAS.NS"
104,Other Consumer Services,Consumer Services,36,56,49,30,"TRADWIN.BO,YAANENT.BO,CPCAP.NS,IRONWOOD.BO,THOMASCOOK.NS,EASTRED.BO,JETKINGQ.BO,HELLOJI.BO,BOMBCYC.BO,YATRA.NS,EVANS.BO,NHL.BO,ITHL.BO,MHRIL.NS,IRCTC.NS,VJTFEDU.BO,LGT.BO,UHMVL.BO"
105,Insurance Brokers/Services,Finance,36,46,51,1,"TURTLEMINT.NS,RRFIN.BO"
106,Consumer Sundries,Consumer Non-Durables,35,47,40,29,"WELSPUNLIV.NS,BIL.NS,LINC.NS,RADIXIND.BO,GPSL.BO"
107,Aluminum,Non-Energy Minerals,35,52,24,37,"ARFIN.NS,HRS.BO,MAITRI.BO,NATIONALUM.NS,ORIENTCER.NS,MAANALU.NS,VAML.NS,SPINAROO.BO,NIRAVCOM.BO,EUROBOND.NS,SUDAI.BO,VEDL.NS,SAMPAT.BO,KANISHK.BO,JIVIAL.BO"
108,Environmental Services,Industrial Services,34,18,43,47,"OML.BO,BANKA.NS,EIEL.NS,ORGANICREC.BO,CEWATER.NS,VMS.BO"
109,Discount Stores,Retail Trade,34,88,90,6,SPICELOUNG.BO
110,Construction Materials,Non-Energy Minerals,32,42,37,32,"NEELKAN.BO,GLITTEKG.BO,SOBME.BO,SAHYADRI.NS,RALEGRA.BO,MANGLMCEM.NS,RAMCOIND.NS,GRASIM.NS,INDOBELL.BO,NILACHAL.BO,SHIVAM.BO,BVCL.NS,ULTRACEMCO.NS,JSWCEMENT.NS,DIVSHKT.BO,SHREDIGCEM.NS,ASIIL.BO,MIDWESTLTD.NS,MADHAV.NS,INDIACEM.NS,NCLIND.NS,SHREECEM.NS,RAMCOCEM.NS,HEIDELBERG.NS,JKCEMENT.NS,NUVOCO.NS,VESUVIUS.NS,KAKATCEM.NS,SOLIDSTON.BO,HPAL.NS,HINDCON.NS,ARENTERP.NS,STARCEMENT.NS,AROGRANITE.NS,PANCM.BO,ASSOCER.BO,AMBUJACEM.NS,PRSMJOHNSN.NS,BIRLACORPN.NS,ACC.NS,SAGCEM.NS,ZWELCAST.BO,ORIENTCEM.NS,APCL.NS,BIGBLOC.NS,SAURASHCEM.NS,NEXXUS.BO,JKLAKSHMI.NS,DECCANCE.NS,ACL.NS,KEERTHI.BO,SRECR.BO,SRICC.BO,SKCIL.BO,GSLSU.NS"
111,Trucking,Transportation,30,41,35,25,"RITCO.NS,VRLLOG.NS,INTSTOIL.BO,JITFINFRA.NS,OBCL.NS,TCI.NS,AWHCL.NS,COARO.BO,BLT.BO,GEMENVIRO.BO,NEPLOG.BO,GICL.NS"
112,Major Telecommunications,Communications,30,37,30,39,"STLNETWORK.NS,ITI.NS,TATACOMM.NS,RAILTEL.NS,ROUTE.NS,MTNL.NS"
113,Broadcasting,Consumer Services,30,46,45,30,"ZEEL.NS,TVTODAY.NS,SUNTV.NS,NDTV.NS,ENIL.NS,NETWORK18.NS"
114,Recreational Products,Consumer Durables,30,34,56,30,"COSCO.BO,KVTOYS.BO,STUDDS.NS"
115,Apparel/Footwear Retail,Retail Trade,28,40,31,32,"STYLEBAAZA.NS,MEESHO.NS,SREEL.NS,TRADEUNO.BO,V2RETAIL.NS,REDTAPE.NS,ARVINDFASN.NS,TRENT.NS,METROBRAND.NS,VMM.NS,MUFTI.NS,MISHDESIGN.BO,ABFRL.NS,ABLBL.NS,FIRSTCRY.NS,KALAMANDIR.NS,MARCLOIRE.BO,KIAASA.BO"
116,Specialty Telecommunications,Communications,26,28,40,32,"ONMOBILE.NS,STML.BO,TTML.NS,GTPL.NS"
117,Specialty Insurance,Finance,26,42,23,23,"GICRE.NS,ICICIGI.NS"
118,Tobacco,Consumer Non-Durables,25,33,24,38,"VIRATCRA.BO,SINNAR.BO,VSTIND.NS,GODFRYPHLP.NS,ITC.NS"
119,Savings Banks,Finance,24,50,48,21,NSDL.BO
120,Advertising/Marketing Services,Commercial Services,22,26,16,19,"SIGNPOST.NS,CITIZEN.BO,BRIGHT.BO,RKSWAMY.NS,EMIAC.BO,VERTOZ.NS,ADCOUNTY.BO,CHTR.BO"
121,Tools & Hardware,Consumer Durables,21,38,50,31,"JAINEX.BO,KPT.BO,KOKUYOCMLN.NS,AAIL.BO,LIOTECH.BO"
122,Beverages: Non-Alcoholic,Consumer Non-Durables,15,52,7,17,"VBL.NS,ORIBEVER.BO,VALENCIA.BO"
123,Drugstore Chains,Retail Trade,15,30,5,13,MEDPLUS.NS
124,Nan,Nan,14,0,0,0,PRIMAINNO.BO
